Point: 0.23
C= { 1.28166660 , -0.07160180 , -0.04521449 , -0.22243881};
J01mm={0.06250000 , -0.00431319 , 0.00007916 , 0.00809946};
J01mp={0.06250000 , -0.00431319 , 0.00309759 , 0.00241633};
J01mz={0.07216880 , -0.00498045 , 0.00237498 , 0.02529855};
J01pm={0.06250000 , -0.00431319 , 0.00309759 , 0.00241633};
J01pp={0.06250000 , -0.00431319 , 0.00611601 , -0.00772762};
J01pz={0.07216880 , -0.00498045 , 0.00586035 , 0.01291538};
J01zm={0.07216880 , -0.00498045 , 0.00237498 , 0.02529855};
J01zp={0.07216880 , -0.00498045 , 0.00586035 , 0.01291538};
J01zz={0.08333330 , -0.00575093 , 0.01038659 , -0.00217209};
J02mm={0.00000000 , 0.00000000 , 0.00095914 , 0.00096827};
J02mp={0.00000000 , 0.00000000 , 0.00095914 , 0.00005987};
J02mz={0.00000000 , 0.00000000 , 0.00000000 , 0.00282175};
J02pm={0.00000000 , 0.00000000 , 0.00095914 , 0.00005987};
J02pp={0.00000000 , 0.00000000 , 0.00095914 , -0.00084536};
J02pz={0.00000000 , 0.00000000 , 0.00000000 , 0.00239394};
J02zm={0.00000000 , 0.00000000 , 0.00000000 , 0.00282175};
J02zp={0.00000000 , 0.00000000 , 0.00000000 , 0.00239394};
J02zz={0.00000000 , 0.00000000 , 0.00122485 , -0.00511620};
J03mm={0.06250000 , -0.00431319 , 0.00605613 , 0.01009336};
J03mp={0.06250000 , -0.00431319 , 0.00727965 , 0.00649053};
J03mz={-0.07216880 , 0.00498045 , -0.00582578 , -0.00372176};
J03pm={0.06250000 , -0.00431319 , 0.00727965 , 0.00649053};
J03pp={0.06250000 , -0.00431319 , 0.00850316 , 0.00255783};
J03pz={-0.07216880 , 0.00498045 , -0.00723857 , -0.00161481};
J03zm={-0.07216880 , 0.00498045 , -0.00582578 , -0.00372176};
J03zp={-0.07216880 , 0.00498045 , -0.00723857 , -0.00161481};
J03zz={0.08333330 , -0.00575093 , 0.01038659 , -0.00220811};
Sm0={-0.43301300 , 0.00000000 , 0.03569262 , 0.03428118};
Sp0={-0.43301300 , 0.00000000 , 0.03086360 , 0.03305133};
Sz0={0.79333320 , 0.01844628 , -0.06239847 , -0.08178307};
