Point: 0.04
C= { 1.18666660 , -0.09772680 , -0.02662110 , -0.19723341 , -0.13770254};
J01mm={0.06250000 , -0.01891940 , -0.01294612 , -0.01025741 , 0.05568513};
J01mp={0.06250000 , -0.01891940 , -0.00272236 , -0.00681917 , 0.04719797};
J01mz={0.07216880 , -0.02184630 , -0.00837456 , 0.01750908 , 0.07754959};
J01pm={0.06250000 , -0.01891940 , -0.00272236 , -0.00681917 , 0.04719797};
J01pp={0.06250000 , -0.01891940 , 0.00750137 , -0.01451266 , 0.04816258};
J01pz={0.07216880 , -0.02184630 , 0.00343081 , 0.01024131 , 0.07091847};
J01zm={0.07216880 , -0.02184630 , -0.00837456 , 0.01750908 , 0.07754959};
J01zp={0.07216880 , -0.02184630 , 0.00343081 , 0.01024131 , 0.07091847};
J01zz={0.08333330 , -0.02522590 , 0.00725647 , -0.00597148 , 0.07660814};
J02mm={0.00000000 , 0.00000000 , 0.00127581 , -0.00036657 , 0.00321237};
J02mp={0.00000000 , 0.00000000 , 0.00127581 , -0.00111577 , 0.00112872};
J02mz={0.00000000 , 0.00000000 , 0.00000000 , 0.00458120 , 0.00052560};
J02pm={0.00000000 , 0.00000000 , 0.00127581 , -0.00111577 , 0.00112872};
J02pp={0.00000000 , 0.00000000 , 0.00127581 , -0.00190922 , 0.00037008};
J02pz={0.00000000 , 0.00000000 , 0.00000000 , 0.00345778 , 0.00095442};
J02zm={0.00000000 , 0.00000000 , 0.00000000 , 0.00458120 , 0.00052560};
J02zp={0.00000000 , 0.00000000 , 0.00000000 , 0.00345778 , 0.00095442};
J02zz={0.00000000 , 0.00000000 , 0.00296652 , -0.00583915 , -0.00285456};
J03mm={0.06250000 , -0.01891940 , 0.00763712 , 0.00366929 , 0.06175810};
J03mp={0.06250000 , -0.01891940 , 0.00876282 , 0.00252646 , 0.05894686};
J03mz={-0.07216880 , 0.02184630 , -0.00350919 , 0.00341821 , -0.06265450};
J03pm={0.06250000 , -0.01891940 , 0.00876282 , 0.00252646 , 0.05894686};
J03pp={0.06250000 , -0.01891940 , 0.00988852 , 0.00158207 , 0.05752088};
J03pz={-0.07216880 , 0.02184630 , -0.00480903 , 0.00168934 , -0.06195983};
J03zm={-0.07216880 , 0.02184630 , -0.00350919 , 0.00341821 , -0.06265450};
J03zp={-0.07216880 , 0.02184630 , -0.00480903 , 0.00168934 , -0.06195983};
J03zz={0.08333330 , -0.02522590 , 0.00725647 , -0.00555230 , 0.06570888};
Sm0={-0.43301300 , 0.00000000 , 0.06387097 , 0.03059207 , 0.25491754};
Sp0={-0.43301300 , 0.00000000 , 0.05060892 , 0.02604528 , 0.25235336};
Sz0={0.41333320 , 0.05739640 , -0.05056602 , -0.02550950 , -0.46613574};
