Point: 0.04
C= { 0.85333340 , -0.11772680 , 0.02160934 , -0.19494755 , 0.04925456};
J01mm={-0.06250000 , -0.02641940 , 0.01663943 , -0.01554418 , -0.06048800};
J01mp={-0.06250000 , -0.02641940 , 0.00442137 , -0.01175560 , -0.05467161};
J01mz={-0.07216880 , -0.03050650 , 0.01199571 , 0.01544741 , -0.07674104};
J01pm={-0.06250000 , -0.02641940 , 0.00442137 , -0.01175560 , -0.05467161};
J01pp={-0.06250000 , -0.02641940 , -0.00779669 , -0.01961331 , -0.05844361};
J01pz={-0.07216880 , -0.03050650 , -0.00211250 , 0.00795512 , -0.07865082};
J01zm={-0.07216880 , -0.03050650 , 0.01199571 , 0.01544741 , -0.07674104};
J01zp={-0.07216880 , -0.03050650 , -0.00211250 , 0.00795512 , -0.07865082};
J01zz={-0.08333330 , -0.03522590 , -0.00604056 , -0.00975868 , -0.09087814};
J02mm={0.00000000 , 0.00000000 , -0.00148415 , -0.00102157 , -0.00382672};
J02mp={0.00000000 , 0.00000000 , -0.00148415 , -0.00167065 , -0.00149667};
J02mz={0.00000000 , 0.00000000 , 0.00000000 , 0.00546546 , 0.00122050};
J02pm={0.00000000 , 0.00000000 , -0.00148415 , -0.00167065 , -0.00149667};
J02pp={0.00000000 , 0.00000000 , -0.00148415 , -0.00240740 , -0.00048571};
J02pz={0.00000000 , 0.00000000 , 0.00000000 , 0.00401126 , 0.00007643};
J02zm={0.00000000 , 0.00000000 , 0.00000000 , 0.00546546 , 0.00122050};
J02zp={0.00000000 , 0.00000000 , 0.00000000 , 0.00401126 , 0.00007643};
J02zz={0.00000000 , 0.00000000 , -0.00379985 , -0.00628620 , 0.00123039};
J03mm={-0.06250000 , -0.02641940 , -0.01144380 , -0.00079076 , -0.06987758};
J03mp={-0.06250000 , -0.02641940 , -0.01081383 , -0.00045754 , -0.06779364};
J03mz={0.07216880 , 0.03050650 , 0.00421819 , 0.00693968 , 0.07485007};
J03pm={-0.06250000 , -0.02641940 , -0.01081383 , -0.00045754 , -0.06779364};
J03pp={-0.06250000 , -0.02641940 , -0.01018379 , -0.00016313 , -0.06713357};
J03pz={0.07216880 , 0.03050650 , 0.00349070 , 0.00431857 , 0.07364681};
J03zm={0.07216880 , 0.03050650 , 0.00421819 , 0.00693968 , 0.07485007};
J03zp={0.07216880 , 0.03050650 , 0.00349070 , 0.00431857 , 0.07364681};
J03zz={-0.08333330 , -0.03522590 , -0.00604056 , -0.00892284 , -0.07868027};
Sm0={-0.43301300 , 0.00000000 , -0.08119142 , 0.02720859 , -0.25880408};
Sp0={-0.43301300 , 0.00000000 , -0.06359926 , 0.02594802 , -0.25277180};
Sz0={0.74666680 , 0.07739640 , 0.04679699 , -0.00825908 , 0.42038887};
