Point: 0.03
C= { 1.18166660 , -0.09993520 , -0.02593833 , -0.19669830};
J01mm={0.06250000 , -0.01981320 , -0.01348112 , -0.01098005};
J01mp={0.06250000 , -0.01981320 , -0.00296566 , -0.00739562};
J01mz={0.07216880 , -0.02287830 , -0.00886921 , 0.01721946};
J01pm={0.06250000 , -0.01981320 , -0.00296566 , -0.00739562};
J01pp={0.06250000 , -0.01981320 , 0.00754980 , -0.01507143};
J01pz={0.07216880 , -0.02287830 , 0.00327299 , 0.01000125};
J01zm={0.07216880 , -0.02287830 , -0.00886921 , 0.01721946};
J01zp={0.07216880 , -0.02287830 , 0.00327299 , 0.01000125};
J01zz={0.08333330 , -0.02641760 , 0.00709242 , -0.00638214};
J02mm={0.00000000 , 0.00000000 , 0.00129942 , -0.00044191};
J02mp={0.00000000 , 0.00000000 , 0.00129942 , -0.00118052};
J02mz={0.00000000 , 0.00000000 , 0.00000000 , 0.00468708};
J02pm={0.00000000 , 0.00000000 , 0.00129942 , -0.00118052};
J02pp={0.00000000 , 0.00000000 , 0.00129942 , -0.00196805};
J02pz={0.00000000 , 0.00000000 , 0.00000000 , 0.00352355};
J02zm={0.00000000 , 0.00000000 , 0.00000000 , 0.00468708};
J02zp={0.00000000 , 0.00000000 , 0.00000000 , 0.00352355};
J02zz={0.00000000 , 0.00000000 , 0.00306744 , -0.00589238};
J03mm={0.06250000 , -0.01981320 , 0.00799585 , 0.00321665};
J03mp={0.06250000 , -0.01981320 , 0.00896640 , 0.00220929};
J03mz={-0.07216880 , 0.02287830 , -0.00353057 , 0.00383668};
J03pm={0.06250000 , -0.01981320 , 0.00896640 , 0.00220929};
J03pp={0.06250000 , -0.01981320 , 0.00993696 , 0.00141326};
J03pz={-0.07216880 , 0.02287830 , -0.00465126 , 0.00198493};
J03zm={-0.07216880 , 0.02287830 , -0.00353057 , 0.00383668};
J03zp={-0.07216880 , 0.02287830 , -0.00465126 , 0.00198493};
J03zz={0.08333330 , -0.02641760 , 0.00709242 , -0.00591818};
Sm0={-0.43301300 , 0.00000000 , 0.06585908 , 0.03029397};
Sp0={-0.43301300 , 0.00000000 , 0.05208116 , 0.02596347};
Sz0={0.39333320 , 0.05977960 , -0.05010815 , -0.02321147};
