Point: 0.05
C= { 1.19166660 , -0.09560180 , -0.02732458 , -0.19784155};
J01mm={0.06250000 , -0.01803820 , -0.01239212 , -0.00951419};
J01mp={0.06250000 , -0.01803820 , -0.00247106 , -0.00625336};
J01mz={0.07216880 , -0.02082870 , -0.00786955 , 0.01780905};
J01pm={0.06250000 , -0.01803820 , -0.00247106 , -0.00625336};
J01pp={0.06250000 , -0.01803820 , 0.00744991 , -0.01397556};
J01pz={0.07216880 , -0.02082870 , 0.00358620 , 0.01046940};
J01zm={0.07216880 , -0.02082870 , -0.00786955 , 0.01780905};
J01zp={0.07216880 , -0.02082870 , 0.00358620 , 0.01046940};
J01zz={0.08333330 , -0.02405090 , 0.00742283 , -0.00557910};
J02mm={0.00000000 , 0.00000000 , 0.00125289 , -0.00029262};
J02mp={0.00000000 , 0.00000000 , 0.00125289 , -0.00105198};
J02mz={0.00000000 , 0.00000000 , 0.00000000 , 0.00447664};
J02pm={0.00000000 , 0.00000000 , 0.00125289 , -0.00105198};
J02pp={0.00000000 , 0.00000000 , 0.00125289 , -0.00185113};
J02pz={0.00000000 , 0.00000000 , 0.00000000 , 0.00339300};
J02zm={0.00000000 , 0.00000000 , 0.00000000 , 0.00447664};
J02zp={0.00000000 , 0.00000000 , 0.00000000 , 0.00339300};
J02zz={0.00000000 , 0.00000000 , 0.00286651 , -0.00578695};
J03mm={0.06250000 , -0.01803820 , 0.00730986 , 0.00409889};
J03mp={0.06250000 , -0.01803820 , 0.00857346 , 0.00282957};
J03mz={-0.07216880 , 0.02082870 , -0.00350534 , 0.00300494};
J03pm={0.06250000 , -0.01803820 , 0.00857346 , 0.00282957};
J03pp={0.06250000 , -0.01803820 , 0.00983706 , 0.00173765};
J03pz={-0.07216880 , 0.02082870 , -0.00496442 , 0.00140409};
J03zm={-0.07216880 , 0.02082870 , -0.00350534 , 0.00300494};
J03zp={-0.07216880 , 0.02082870 , -0.00496442 , 0.00140409};
J03zz={0.08333330 , -0.02405090 , 0.00742283 , -0.00520259};
Sm0={-0.43301300 , 0.00000000 , 0.06193317 , 0.03086257};
Sp0={-0.43301300 , 0.00000000 , 0.04918009 , 0.02615011};
Sz0={0.43333320 , 0.05504640 , -0.05102694 , -0.02785477};
