Point: 0.28
C= { 1.30666660 , -0.06972680 , -0.05263231 , -0.23451500};
J01mm={0.06250000 , -0.00121944 , 0.00408187 , 0.01455260};
J01mp={0.06250000 , -0.00121944 , 0.00486666 , 0.00438704};
J01mz={0.07216880 , -0.00140809 , 0.00536016 , 0.02812632};
J01pm={0.06250000 , -0.00121944 , 0.00486666 , 0.00438704};
J01pp={0.06250000 , -0.00121944 , 0.00565145 , -0.00705149};
J01pz={0.07216880 , -0.00140809 , 0.00626636 , 0.01319402};
J01zm={0.07216880 , -0.00140809 , 0.00536016 , 0.02812632};
J01zp={0.07216880 , -0.00140809 , 0.00626636 , 0.01319402};
J01zz={0.08333330 , -0.00162593 , 0.01102700 , -0.00282115};
J02mm={0.00000000 , 0.00000000 , 0.00091748 , 0.00135544};
J02mp={0.00000000 , 0.00000000 , 0.00091748 , 0.00040020};
J02mz={0.00000000 , 0.00000000 , 0.00000000 , 0.00243842};
J02pm={0.00000000 , 0.00000000 , 0.00091748 , 0.00040020};
J02pp={0.00000000 , 0.00000000 , 0.00091748 , -0.00055241};
J02pz={0.00000000 , 0.00000000 , 0.00000000 , 0.00217261};
J02zm={0.00000000 , 0.00000000 , 0.00000000 , 0.00243842};
J02zp={0.00000000 , 0.00000000 , 0.00000000 , 0.00217261};
J02zz={0.00000000 , 0.00000000 , 0.00082207 , -0.00504751};
J03mm={0.06250000 , -0.00121944 , 0.00696509 , 0.01191428};
J03mp={0.06250000 , -0.00121944 , 0.00750185 , 0.00710563};
J03mz={-0.07216880 , 0.00140809 , -0.00702479 , -0.00534639};
J03pm={0.06250000 , -0.00121944 , 0.00750185 , 0.00710563};
J03pp={0.06250000 , -0.00121944 , 0.00803860 , 0.00221041};
J03pz={-0.07216880 , 0.00140809 , -0.00764458 , -0.00160036};
J03zm={-0.07216880 , 0.00140809 , -0.00702479 , -0.00534639};
J03zp={-0.07216880 , 0.00140809 , -0.00764458 , -0.00160036};
J03zz={0.08333330 , -0.00162593 , 0.01102700 , -0.00285197};
Sm0={-0.43301300 , 0.00000000 , 0.03130836 , 0.03603654};
Sp0={-0.43301300 , 0.00000000 , 0.02826552 , 0.03710338};
Sz0={0.89333320 , 0.01019628 , -0.06762623 , -0.10256225};
