Point: 0.18
C= { 1.25666660 , -0.07556020 , -0.03902355 , -0.21282071};
J01mm={0.06250000 , -0.00771944 , -0.00376056 , 0.00233695};
J01mp={0.06250000 , -0.00771944 , 0.00139466 , 0.00026664};
J01mz={0.07216880 , -0.00891365 , -0.00060821 , 0.02279628};
J01pm={0.06250000 , -0.00771944 , 0.00139466 , 0.00026664};
J01pp={0.06250000 , -0.00771944 , 0.00654984 , -0.00884589};
J01pz={0.07216880 , -0.00891365 , 0.00534449 , 0.01249928};
J01zm={0.07216880 , -0.00891365 , -0.00060821 , 0.02279628};
J01zp={0.07216880 , -0.00891365 , 0.00534449 , 0.01249928};
J01zz={0.08333330 , -0.01029260 , 0.00962606 , -0.00232273};
J02mm={0.00000000 , 0.00000000 , 0.00101817 , 0.00061054};
J02mp={0.00000000 , 0.00000000 , 0.00101817 , -0.00025732};
J02mz={0.00000000 , 0.00000000 , 0.00000000 , 0.00323828};
J02pm={0.00000000 , 0.00000000 , 0.00101817 , -0.00025732};
J02pp={0.00000000 , 0.00000000 , 0.00101817 , -0.00112692};
J02pz={0.00000000 , 0.00000000 , 0.00000000 , 0.00263969};
J02zm={0.00000000 , 0.00000000 , 0.00000000 , 0.00323828};
J02zp={0.00000000 , 0.00000000 , 0.00000000 , 0.00263969};
J02zz={0.00000000 , 0.00000000 , 0.00165077 , -0.00524130};
J03mm={0.06250000 , -0.00771944 , 0.00562270 , 0.00849454};
J03mp={0.06250000 , -0.00771944 , 0.00727984 , 0.00574250};
J03mz={-0.07216880 , 0.00891365 , -0.00480920 , -0.00197991};
J03pm={0.06250000 , -0.00771944 , 0.00727984 , 0.00574250};
J03pp={0.06250000 , -0.00771944 , 0.00893700 , 0.00267360};
J03pz={-0.07216880 , 0.00891365 , -0.00672271 , -0.00122478};
J03zm={-0.07216880 , 0.00891365 , -0.00480920 , -0.00197991};
J03zp={-0.07216880 , 0.00891365 , -0.00672271 , -0.00122478};
J03zz={0.08333330 , -0.01029260 , 0.00962606 , -0.00231185};
Sm0={-0.43301300 , 0.00000000 , 0.04133990 , 0.03318099};
Sp0={-0.43301300 , 0.00000000 , 0.03454421 , 0.03003308};
Sz0={0.69333320 , 0.02752964 , -0.05831403 , -0.06401563};
