Point: 0.13
C= { 1.23166660 , -0.08160180 , -0.03387228 , -0.20543903};
J01mm={0.06250000 , -0.01143820 , -0.00735509 , -0.00273583};
J01mp={0.06250000 , -0.01143820 , -0.00020693 , -0.00207109};
J01mz={0.07216880 , -0.01320770 , -0.00352170 , 0.02062549};
J01pm={0.06250000 , -0.01143820 , -0.00020693 , -0.00207109};
J01pp={0.06250000 , -0.01143820 , 0.00694125 , -0.01042571};
J01pz={0.07216880 , -0.01320770 , 0.00473230 , 0.01190338};
J01zm={0.07216880 , -0.01320770 , -0.00352170 , 0.02062549};
J01zp={0.07216880 , -0.01320770 , 0.00473230 , 0.01190338};
J01zz={0.08333330 , -0.01525090 , 0.00879226 , -0.00313761};
J02mm={0.00000000 , 0.00000000 , 0.00109456 , 0.00026739};
J02mp={0.00000000 , 0.00000000 , 0.00109456 , -0.00056172};
J02mz={0.00000000 , 0.00000000 , 0.00000000 , 0.00368801};
J02pm={0.00000000 , 0.00000000 , 0.00109456 , -0.00056172};
J02pp={0.00000000 , 0.00000000 , 0.00109456 , -0.00140284};
J02pz={0.00000000 , 0.00000000 , 0.00000000 , 0.00290988};
J02zm={0.00000000 , 0.00000000 , 0.00000000 , 0.00368801};
J02zp={0.00000000 , 0.00000000 , 0.00000000 , 0.00290988};
J02zz={0.00000000 , 0.00000000 , 0.00209985 , -0.00541749};
J03mm={0.06250000 , -0.01143820 , 0.00574683 , 0.00695286};
J03mp={0.06250000 , -0.01143820 , 0.00753761 , 0.00481711};
J03mz={-0.07216880 , 0.01320770 , -0.00404271 , -0.00014040};
J03pm={0.06250000 , -0.01143820 , 0.00753761 , 0.00481711};
J03pp={0.06250000 , -0.01143820 , 0.00932840 , 0.00253835};
J03pz={-0.07216880 , 0.01320770 , -0.00611053 , -0.00046920};
J03zm={-0.07216880 , 0.01320770 , -0.00404271 , -0.00014040};
J03zp={-0.07216880 , 0.01320770 , -0.00611053 , -0.00046920};
J03zz={0.08333330 , -0.01525090 , 0.00879226 , -0.00302782};
Sm0={-0.43301300 , 0.00000000 , 0.04824996 , 0.03238427};
Sp0={-0.43301300 , 0.00000000 , 0.03930725 , 0.02792683};
Sz0={0.59333320 , 0.03744628 , -0.05509171 , -0.04866000};
